Country	Mean Rating	Standard Deviation	Number of Movies
南斯拉夫联邦共和国	9.10	0.00	1
冰島 Iceland	8.90	0.00	1
Guinea	8.90	0.00	1
Gallifrey	8.90	0.16	3
塞尔维亚和黑山	8.70	0.00	1
东德	8.55	0.25	2
乌兹别克斯坦	8.50	0.00	1
沙特阿拉伯	8.30	0.00	1
丹麥 Denmark	8.30	0.00	1
尼日尔	8.20	0.00	1
1958-06-29	8.20	0.00	1
捷克斯洛伐克	8.09	0.43	19
苏联	8.08	0.61	38
Georgia	7.95	0.15	2
丹麦 Danmark	7.90	0.00	1
前苏联	7.90	0.00	1
捷克共和国	7.80	0.00	1
法國	7.80	0.00	1
Latvia	7.80	0.00	1
Afghanistan	7.80	0.00	1
Jamaica	7.80	0.00	1
马提尼克	7.80	0.00	1
印度India	7.75	0.05	2
USA	7.75	1.38	4
马恩岛	7.70	0.00	1
巴勒斯坦被占领区	7.70	0.00	1
Morocco	7.70	0.00	1
南斯拉夫	7.66	0.85	21
喀麦隆	7.65	0.05	2
原西德	7.63	0.52	9
阿塞拜疆	7.60	0.00	1
马其顿共和国	7.60	0.00	1
利比亚	7.60	0.00	1
伊朗	7.58	0.68	76
塔吉克斯坦	7.57	0.82	3
巴拉圭	7.55	0.35	2
蒙古	7.55	0.75	2
巴勒斯坦	7.50	0.00	1
Cambodia	7.50	0.00	1
捷克 Czech Republic	7.50	0.00	1
巴哈马 Bahamas	7.50	0.00	1
阿鲁巴岛	7.50	0.00	1
英国BBC	7.50	0.00	1
Senegal	7.50	0.00	1
East Germany	7.50	0.50	2
埃及	7.45	0.45	2
亚美尼亚	7.45	0.05	2
白俄罗斯	7.45	0.15	2
古巴	7.45	0.43	8
希腊	7.44	0.94	25
塞浦路斯	7.43	1.09	3
阿尔巴尼亚	7.42	0.79	5
波兰	7.41	0.77	62
土耳其	7.40	0.60	24
约旦	7.40	0.78	3
不丹	7.40	0.00	1
Sri Lanka	7.40	0.00	1
Algeria	7.40	0.00	1
波黑	7.38	0.77	6
马其顿	7.38	0.69	5
阿尔及利亚	7.37	0.90	3
黎巴嫩	7.36	0.76	10
芬兰	7.34	0.85	42
阿富汗	7.34	0.43	5
伊拉克	7.30	0.29	3
Chile	7.30	0.00	1
Malaysia	7.30	0.00	1
Cyprus	7.30	0.00	1
Panama	7.30	0.00	1
哈萨克斯坦	7.28	0.55	10
格鲁吉亚	7.27	0.28	6
俄羅斯	7.25	0.45	2
奥地利	7.24	0.77	83
布基纳法索	7.23	0.41	3
奧地利	7.20	0.00	1
Slovenia	7.20	0.00	1
UK	7.20	0.00	1
摩纳哥	7.20	0.10	2
荷兰	7.20	0.77	98
以色列	7.19	0.67	48
西德	7.19	1.02	112
卡塔尔	7.18	0.57	18
挪威	7.18	0.80	50
乌拉圭	7.18	0.79	9
捷克	7.17	0.96	48
突尼斯	7.17	0.66	12
马里	7.17	0.12	3
瑞士	7.13	0.88	138
克罗地亚	7.12	0.50	15
乌克兰	7.11	0.82	17
英国	7.10	1.17	2231
俄罗斯 Russian	7.10	0.00	1
Slovakia	7.10	0.60	2
塞尔维亚和孟的内哥	7.10	0.00	1
毛利塔尼亚	7.10	0.00	1
拉脱维亚	7.10	1.13	3
意大利	7.10	0.97	913
丹麦	7.09	0.91	161
法国	7.09	0.87	2688
斯洛伐克	7.08	0.86	9
爱尔兰 Ireland	7.07	0.69	4
瑞典	7.07	1.03	220
匈牙利	7.05	1.03	51
斯洛文尼亚	7.04	0.82	9
阿根廷	7.03	0.93	86
科索沃	7.00	0.00	1
毛里塔尼亚	7.00	0.00	2
巴布亚新几内亚	7.00	0.00	1
Netherlands	7.00	0.00	1
Palestine	7.00	0.00	1
Croatia	7.00	0.00	1
Bosnia and Herzegovina	7.00	0.00	1
Paraguay	7.00	0.00	1
日本	6.99	1.14	3932
冰岛	6.98	0.98	18
比利时	6.97	0.92	261
哥伦比亚	6.97	0.64	12
爱尔兰	6.96	1.02	134
德国	6.93	0.99	1298
智利	6.92	0.91	18
摩洛哥	6.91	1.21	14
俄罗斯	6.90	0.97	233
巴西	6.90	0.89	113
洪都拉斯	6.90	0.00	1
西班牙 SPain	6.90	0.00	1
Canada	6.90	0.00	1
塞内加尔	6.90	0.60	4
保加利亚	6.90	0.99	17
葡萄牙	6.90	0.79	54
墨西哥	6.84	1.07	76
卢森堡	6.83	1.00	52
印度	6.81	1.05	385
危地马拉	6.80	0.00	1
斯诺文尼亚	6.80	0.00	1
荷兰 Netherlands	6.80	0.00	1
八一电影制片厂	6.80	0.00	1
西班牙	6.78	0.95	552
印度尼西亚	6.78	0.77	6
秘鲁	6.78	1.28	5
老挝	6.74	0.89	5
塞尔维亚	6.74	1.02	14
阿联酋	6.73	1.46	9
Puerto Rico	6.70	0.80	2
Albania	6.70	0.00	1
印度 india	6.68	0.41	5
越南	6.66	1.66	13
吉尔吉斯斯坦	6.65	0.45	2
菲律宾	6.61	1.02	14
叙利亚	6.60	0.00	1
Tunisia	6.60	0.30	2
Zimbabwe	6.60	0.00	1
爱沙尼亚	6.57	1.22	6
澳大利亚	6.56	1.12	312
中国台湾	6.56	1.13	648
Cuba	6.55	1.45	2
美国	6.55	1.30	8136
罗马尼亚	6.54	1.30	51
波多黎各	6.53	0.41	6
葡萄牙 Portugal	6.50	0.00	1
印度 India	6.46	0.95	35
柬埔寨	6.45	0.70	4
列支敦士登	6.45	1.06	4
肯尼亚	6.40	0.00	1
索马里	6.40	0.00	1
苏丹	6.40	0.00	1
比利时 Belgium	6.40	0.00	1
德國	6.40	0.00	1
Malta	6.40	0.00	1
科特迪瓦	6.40	0.00	1
中国香港	6.38	1.07	2308
新西兰	6.38	1.27	22
新加坡	6.37	1.17	27
加拿大	6.36	1.24	789
波兰 Poland	6.35	0.05	2
委内瑞拉	6.35	1.81	4
印尼	6.35	0.55	2
立陶宛	6.32	0.95	13
Luxembourg	6.31	1.23	12
巴拿马	6.30	0.00	1
瓦努阿图	6.30	0.00	1
罗马利亚	6.30	0.00	1
俄罗斯 Ru	6.30	0.00	1
玻利维亚	6.30	0.00	1
Federal Republic of Yugoslavia	6.30	0.00	1
俄罗斯 Russia	6.29	1.08	8
中国	6.26	1.13	21
缅甸	6.22	0.44	4
印度  Indian	6.20	0.00	1
Zambia	6.20	0.00	1
韩国	6.19	1.23	1271
南非	6.15	1.34	46
中国澳门	6.10	0.10	2
瑞典 Sweden	6.10	0.00	1
澳大利亚 Australia	6.08	0.77	4
丹麦 Denmark	6.05	1.55	2
Lithuania	6.00	1.51	4
Colombia	6.00	0.40	2
泰国	6.00	1.17	269
法國 France	5.90	0.00	1
巴西 Brazil	5.87	1.17	3
中国大陆	5.78	1.68	3486
多米尼加	5.70	0.00	1
加纳	5.70	0.00	1
马来西亚	5.65	1.18	17
Aruba	5.60	0.00	1
埃塞俄比亚	5.40	0.00	1
_Inc.	5.40	0.00	1
HOME.html	5.40	0.00	1
Bulgaria	5.40	1.12	5
朝鲜	5.40	1.28	3
加拿大 Canada	5.38	1.34	22
马耳他	5.30	0.00	1
印度 Indian	5.30	0.70	2
阿鲁巴	5.30	0.00	1
阿根廷 Argentina	5.05	0.25	2
瑞士 Switzerland	5.03	0.90	3
Dominican Republic	5.00	0.00	1
加拿大Canada	4.80	0.00	1
墨西哥 Mexico	4.70	0.00	1
香港	4.70	0.00	1
Estonia	4.50	0.00	1
芬兰 Finland	4.43	0.68	3
美国 USA（NBC电视网）	4.30	0.00	1
United Arab Emirates	4.10	0.00	1
留尼汪	3.80	0.00	1
Honduras	3.80	0.00	1
